-479
-358
-625
-005
-6573
1392
-3340
-091
-6320
1325
-3983
5411
8555
5320
-788
2344
1045
4802
573
-852
5638
9655
-909
-455
8658
5245
1732
8664
4863
5895
4911
184
4089
8803
8317
8350
2865
-840
622
6513
-001
4042
5312
5667
9888
8618
1617
-405
5077
5608
5576
2164
2678
2902
-775
8797
8221
277
6636
-069
9089
-803
-041
5870
-101
658
1284
-479
-967
-475
5192
1168
9041
5417
-546
-656
1318
-755
6427
6714
6756
2658
4846
4011
4804
2868
-674
6810
-088
2850
9066
2234
2088
-282
9792
9934
669
4980
2389
-943
5664
6043
5115
-339
6617
-857
1810
1375
2956
2358
2172
-364
-04
8946
9166
-740
87
-530
5025
900
-381
680
42
1864
1297
2629
5851
8929
5954
1508
4662
836
6518
-777
4197
4884
1447
689
577
2753
5333
5252
512
8898
4050
9462
-638
611
-924
5411
-089
2634
2090
-296
4726
6066
6513
5176
6262
6760
4292
1483
-917
8697
8207
914
5017
8476
-980
1105
-930
-759
2985
2357
8047
8077
-907
4624
9403
9280
8007
-744
6635
8188
-312
9925
6747
-866
6254
1589
8753
8291
2179
8124
4592
5613
8311
8883
5483
8600
-654
421
6485
1971
581
8706
9467
9610
6749
818
4654
9576
8378
6605
9237
6600
8274
8746
8031
6080
6010
1128
2503
2547
8443
5976
6663
1161
4065
-390
9092
484
-115
9505
1124
-580
8098
863
-848
8414
-563
6338
1770
1813
8169
6698
8619
568
6120
5174
6923
-255
8470
1526
9264
8692
4137
-05
9817
2249
5514
2427
-054
-778
5721
-043
150
6870
873
-18
-175
427
8803
4176
551
1887
9876
2392
2148
8527
8653
9158
5248
8925
4215
5272
9514
9604
-182
6979
1093
2829
1163
9315
613
-669
2342
-203
4279
5048
1321
-44
4788
-729
4612
6051
-87
691
622
4933
-746
8101
5359
4269
1222
1343
4260
6452
6488
4885
1651
4093
6276
-458
-429
1159
1406
5572
-634
123
-124
5003
2879
908
5718
1202
4645
4946
-839
6609
849
9704
2387
6948
6247
5744
-121
2752
2667
6227
-136
8400
6352
27
9280
1549
9355
4268
675
2937
2119
4011
497
9553
-89
5144
4825
6477
8096
8880
8104
5048
5077
2737
1082
974
-970
2876
4665
109
1874
4046
-445
2511
5838
2080
-929
6810
9484
845
2688
6609
5314
9102
1170
8791
-829
4160
6169
9276
2902
434
-828
6640
6516
8643
-485
5909
-098
-656
6141
867
1839
-493
-268
2670
9556
2441
4575
666
5322
6552
2786
9493
-512
5695
4178
8961
-875
4278
-344
8139
9795
-978
-918
9955
1151
9904
4049
6263
6439
-052
9827
-066
-548
6772
5994
2222
-527
2910
4962
2627
-257
1513
2773
-370
5242
5404
1617
6948
5074
9082
-317
-411
6181
-50
2896
1737
5702
-21
-117
8130
-825
4561
8171
2394
5873
1456
5793
6780
-928
1035
8810
5966
8767
8824
-171
2767
-847
8834
-010
919
5357
-644
6094
8086
1213
8137
2315
8066
5560
8979
1336
-418
9369
-961
6047
6316
4297
5649
1829
-410
-050
5512
9488
8032
-757
-054
1639
9737
-708
9869
5606
9275
-248
6956
4362
8279
510
8209
6067
2477
5188
4424
-655
6206
8423
-343
-962
1920
-727
9418
1101
5360
-305
2762
4290
1711
1426
-487
9492
0
-465
5913
6935
-360
4206
5730
5952
4570
2207
-953
8416
6808
-598
5592
1061
-754
5304
4863
1355
2071
4025
5994
8455
4146
9423
2481
2628
2092
5873
-668
-410
8854
-007
5857
4513
9769
5680
2698
9094
-87
1608
2367
5269
287
2794
-208
6393
4679
-649
9866
279
631
-909
9124
1250
9190
5240
4959
-8
-06
6951
9385
201
-842
5781
9326
4293
1798
5139
-174
2675
9411
8919
5372
2281
876
9718
2667
6328
-186
-638
4631
9983
-338
-717
5832
934
6458
-628
9175
8909
5607
6559
-573
6957
8752
2578
2664
2251
111
9803
-498
1960
9845
9767
-852
6654
-466
4070
4060
-289
9981
2622
6633
-078
1910
9317
6579
-514
1886
5436
5461
629
-549
-091
8175
1614
8035
6364
5234
-17
9215
4440
1289
1242
6682
4317
2811
2715
8764
1378
-923
8257
4191
4153
-816
4975
-192
9410
-918
2918
8933
5672
6085
8585
8647
-285
-307
5809
-671
-8
-081
5788
-790
-542
2292
9299
-983
9702
5307
8716
5829
2728
8290
-469
9312
4858
2880
-328
649
5332
4737
4710
6401
9582
4265
9809
5877
5386
8477
9611
5544
8496
-719
4980
2191
4945
4540
6136
6425
4371
1492
2427
9651
-337
277
9541
8208
-377
5566
2874
5536
2857
1485
5254
9540
1878
1463
-053
8012
9688
892
9279
4414
-071
955
-614
2426
1269
6927
267
8097
1719
6652
-203
-328
-192
4988
4512
8254
-709
4912
692
8572
4123
9465
8040
-938
-958
-055
9299
4785
-634
4740
1898
-784
-653
-131
4900
2516
270
5203
1044
1547
2124
-315
1718
-897
9420
6101
-131
9485
8206
6023
6414
8012
-05
-983
-239
2471
-155
4323
1156
2187
5969
4550
-127
2668
4296
2763
5037
609
5409
1653
-864
8380
6833
4089
1162
-409
5366
959
-392
1201
8991
6802
-768
2067
4937
241
9537
2863
-258
4528
9300
-053
4703
8824
-933
8250
-263
69
8867
6398
-429
5630
-887
4726
4476
-887
4301
1557
-524
5588
8556
4072
-383
5529
5115
4435
-267
8234
-477
-008
-917
5730
-061
-740
5465
5303
280
-530
8861
9009
-139
6215
4842
-96
4348
-839
9487
-101
4331
9753
-12
5661
9242
8697
949
9914
8757
6756
8752
-046
8087
-488
5093
6701
5212
1429
5029
6712
9481
2838
5486
-045
6456
-534
-19
4558
2947
2077
2074
6593
-710
5344
1809
5509
6550
8783
-614
8143
6964
9467
6793
2985
6067
9791
6540
-149
6104
4963
9869
-977
6771
5174
5923
6183
-434
5578
6628
1921
131
9953
893
-19
4577
991
-644
4567
5686
5175
4409
-194
4180
590
590
2540
4039
-902
1635
-664
150
4746
2806
5630
4686
8521